國文,英文,數學,社會,自然
6,14,8,6,15
6,11,12,14,6
6,13,8,7,12
11,9,15,6,6
15,12,13,10,11
13,7,8,13,13
8,15,14,15,13
8,10,10,6,10
10,8,15,7,9
12,14,9,7,15
7,14,8,10,8
6,6,9,9,6
8,11,10,9,6
9,12,8,6,6
11,13,11,13,11
6,9,13,10,14
12,11,7,6,15
10,8,13,10,15
6,15,10,15,7
14,13,7,11,15
6,9,9,15,8
13,14,7,7,12
13,8,13,12,10
14,9,15,10,10
10,15,14,15,9
13,8,6,9,11
8,15,14,7,13
7,12,14,7,12
10,14,10,6,7
11,9,9,13,11
8,11,9,6,14
13,10,7,11,6
14,8,8,14,10
6,9,8,10,7
15,14,13,9,14
15,13,6,6,8
10,7,14,10,13
7,9,9,6,13
7,8,6,8,11
9,11,14,12,13
15,7,15,13,10
6,10,7,7,12
8,6,7,9,13
13,8,8,12,13
13,14,13,15,10
9,9,15,14,13
7,11,15,8,13
11,14,14,14,11
13,7,11,9,14
7,11,10,14,11
11,14,9,13,6
15,14,6,14,9
13,13,9,14,13
10,13,11,6,13
6,10,12,8,14
6,8,9,7,8
8,11,13,12,8
9,9,12,13,7
7,10,6,15,9
15,10,12,13,15
11,12,13,12,14
11,9,13,14,8
6,11,6,15,7
11,12,8,12,11
7,7,14,7,13
8,13,13,12,10
11,10,12,11,10
6,9,11,6,13
9,7,9,13,6
8,12,6,12,8
9,11,9,10,14
6,12,6,7,8
12,7,15,9,10
12,12,6,8,8
7,11,11,15,9
6,13,12,15,7
7,11,9,15,11
8,13,6,10,11
8,10,8,15,14
11,7,12,8,9
13,7,10,9,13
8,12,6,13,15
14,8,6,9,7
14,9,13,7,11
12,10,6,12,11
12,13,11,15,7
7,13,14,10,11
9,13,6,9,8
11,13,8,12,6
10,8,10,13,7
13,15,12,11,14
12,7,15,11,8
7,9,13,14,13
15,11,8,14,13
10,12,15,13,13
8,15,7,7,11
7,10,15,13,9
11,10,10,15,13
10,8,10,11,7
7,6,8,8,9
